MMS ID
991017779649003851
991017775746903851
991017775948303851
991017783749703851
991017775948203851
991017777249203851
991017779149303851
991017780744203851
991017775948503851
991017780249803851
991017779548503851
991017775948003851
991017782448203851
991017780249303851
991017780148403851
991017783749403851
991017781649803851
991017777149003851
991017781046103851
991017782546803851
991017782546903851
991017781247403851
991017781247303851
991017781247603851
991017781046003851
991017779846603851
991017780745603851
991017780648303851
991017780749503851
991017780749703851
991017780744103851
991017775948403851
991017781248903851
991017781249803851
991017781549303851
991017780744003851
991017781248803851
991017781549403851
991017781249003851
991017781548503851
991017779649703851
991017779148903851
991017777148703851
991017779149003851
991017779649403851
991017781548703851
991017779649103851
991017779448603851
991017782847503851
991017777649303851
991017781046203851
991017777649103851
991017777649203851
991017777148203851
991017777649003851
991017777449203851
991017777449103851
991017777649503851
991017777649403851
991017780745503851
991017777848703851
991017777849203851
991017777448903851
991017777449003851
991017780745103851
991017780745203851
991017780745403851
991017777148303851
991017777349403851
991017779146003851
991017777148403851
991017777249103851
991017777449403851
991017777148903851
991017777148603851
991017782449303851
991017777449503851
991017777149203851
991017783749603851
991017777149403851
991017779647003851
991017779149103851
991017782748703851
991017779046603851
991017777148503851
991017779649503851
991017779649603851
991017779149203851
991017777149103851
991017777148803851
991017775948103851
991017777349603851
991017779646903851
991017777349503851
991017779146103851
991017779649303851
991017782546703851
991017777149303851
991017779149403851
991017775948603851
991017779145903851
991017777449603851